image: 0201test01.pgm
resolution: 0.005000
origin: [-6.270289, -4.411392, 0.000000]
negate: 0
occupied_thresh: 0.65
free_thresh: 0.196

