image: carto_house_scan.pgm
resolution: 0.050000
origin: [-2.026844, -5.118941, 0.000000]
negate: 0
occupied_thresh: 0.65
free_thresh: 0.196

