image: carto_home_00.pgm
resolution: 0.050000
origin: [-2.006076, -5.077011, 0.000000]
negate: 0
occupied_thresh: 0.65
free_thresh: 0.196

