image: lab_0119_2.pgm
resolution: 0.005000
origin: [-3.778052, -3.203932, 0.000000]
negate: 0
occupied_thresh: 0.65
free_thresh: 0.196

