image: laboratoryv2.pgm
resolution: 0.005000
origin: [-8.725000, -9.325000, 0.000000]
negate: 0
occupied_thresh: 0.65
free_thresh: 0.196

