image: test1.pgm
resolution: 0.005000
origin: [-1.275000, -1.776800, 0.000000]
negate: 0
occupied_thresh: 0.65
free_thresh: 0.196

