image: warehouse.pgm
resolution: 0.005000
origin: [-8.808809, -10.332625, 0.000000]
negate: 0
occupied_thresh: 0.65
free_thresh: 0.196

