image: test2.pgm
resolution: 0.005000
origin: [-3.149367, -6.627924, 0.000000]
negate: 0
occupied_thresh: 0.65
free_thresh: 0.196

