image: test0.pgm
resolution: 0.005000
origin: [-3.275000, -3.275000, 0.000000]
negate: 0
occupied_thresh: 0.65
free_thresh: 0.196

